Robert
Gesink
TDF2018
Stage12
15
long	lat	elev
6.770006	45.61928	901.2
6.76953	45.618747	903.4
6.769705	45.61839	905.6
6.769461	45.617683	906.6
6.769217	45.617012	910
6.768743	45.616381	913.4
6.767944	45.616106	918.8
6.767149	45.616061	924.6
6.766606	45.615567	929.2
6.766382	45.614855	931.2
6.766152	45.614077	934.8
6.765825	45.613194	937
6.765488	45.612268	939.2
6.765009	45.611358	941.2
6.763899	45.610545	942.4
6.76233	45.60978	942.4
6.760644	45.609231	939.2
6.75921	45.608372	935.8
6.758472	45.607171	933.6
6.757443	45.606095	931.6
6.756571	45.605	929.4
6.755775	45.603766	927.2
6.754387	45.602823	924
6.753383	45.601614	922
6.752623	45.600462	920.8
6.75168	45.599287	920.8
6.751314	45.597908	919.8
6.750558	45.596577	918.8
6.749867	45.595314	917.8
6.749071	45.594025	916.8
6.748315	45.592746	915.8
6.747567	45.591522	914.8
6.746969	45.590317	914.8
6.746695	45.588993	913.6
6.746363	45.587726	911.6
6.745436	45.586659	911.6
6.744138	45.585698	911.6
6.742718	45.584754	910.6
6.741424	45.583877	911.6
6.739829	45.583134	912.8
6.738318	45.581985	910.2
6.736858	45.580485	902.2
6.735231	45.579029	894.4
6.733183	45.577777	886.8
6.731169	45.576754	880.2
6.729057	45.575634	872.8
6.727007	45.574544	866.2
6.725101	45.573523	861.8
6.723095	45.573109	859.8
6.721395	45.572242	858.6
6.719613	45.57136	857.6
6.717925	45.570612	857.6
6.716464	45.56954	855.2
6.714695	45.568534	849
6.712863	45.56818	849
6.711139	45.567966	850.2
6.709406	45.567887	855
6.706961	45.568061	856.2
6.703841	45.568066	852.6
6.700704	45.567212	842.2
6.697626	45.566932	838.6
6.694998	45.566123	838.6
6.692186	45.565486	838.6
6.689165	45.564854	835.6
6.685577	45.56444	824
6.682636	45.564957	823
6.680126	45.564667	828
6.677289	45.563761	827.2
6.673902	45.562126	812.6
6.670355	45.560935	801.2
6.666349	45.559623	785.2
6.662949	45.557844	771
6.659614	45.556817	763.4
6.656278	45.557196	762.2
6.653463	45.557128	762.2
6.651527	45.55601	763.2
6.648477	45.555564	758.8
6.645153	45.555217	752.2
6.642594	45.554912	747
6.640261	45.554059	748.2
6.637986	45.553292	752.8
6.635606	45.552286	755
6.633328	45.551525	759.6
6.630574	45.551609	761.6
6.628245	45.551085	763.8
6.62626	45.550348	766
6.623343	45.549684	762.6
6.620804	45.550279	761.6
6.618403	45.549747	759.4
6.616058	45.548143	755.8
6.615757	45.54576	751
6.614926	45.543474	746.4
6.612598	45.542434	742.8
6.609643	45.542526	739.2
6.607042	45.541432	738.2
6.604683	45.540538	736.2
6.60359	45.538476	727
6.602841	45.535897	709.2
6.600862	45.533396	690.4
6.598845	45.531479	683.4
6.596506	45.530163	679.8
6.594173	45.529319	679.8
6.591973	45.528927	683.6
6.590059	45.528809	689.8
6.588397	45.528792	697.2
6.586793	45.528738	703.6
6.585196	45.528509	708
6.584095	45.527808	709.2
6.582994	45.527107	710.2
6.581893	45.526406	706.8
6.580791	45.525705	702.4
6.57969	45.525004	699
6.578589	45.524303	694.4
6.569934	45.518642	690.2
6.568601	45.51642	684.8
6.567322	45.514238	679
6.5658	45.512029	675.8
6.565262	45.509351	662.4
6.56394	45.506758	647.6
6.563367	45.504712	641
6.562413	45.502128	631.6
6.560057	45.499929	615.6
6.55724	45.497959	598.8
6.55468	45.495999	584.6
6.552697	45.494254	577.6
6.551229	45.492632	573.4
6.550393	45.491289	573.4
6.549462	45.490245	576.8
6.54821	45.489163	577.8
6.546455	45.487809	574
6.544854	45.486162	571.6
6.54296	45.484914	569.4
6.540026	45.484703	566.2
6.537878	45.483618	565.2
6.53567	45.483545	561.8
6.533493	45.484735	558.6
6.531054	45.485633	556.2
6.528868	45.486769	555.2
6.526712	45.487263	554
6.524657	45.488027	554
6.522613	45.48769	561.4
6.521151	45.488031	570
6.519919	45.488596	577.4
6.519527	45.489294	580.8
6.519135	45.489992	578.6
6.518743	45.49069	577.6
6.518351	45.491389	577.6
6.517959	45.492087	577.6
6.514574	45.496724	578.6
6.512733	45.497985	574.2
6.510402	45.499765	557.8
6.508777	45.501792	545
6.505651	45.501891	531.2
6.503126	45.501537	534
6.500964	45.502506	536.2
6.499063	45.503486	535
6.498119	45.504616	535
6.497296	45.505753	538.6
6.495902	45.507114	540.8
6.493507	45.507783	541.8
6.491126	45.508686	540.2
6.488705	45.510412	530
6.486905	45.51224	521.8
6.4859	45.513969	517.2
6.485774	45.516019	516
6.485497	45.518017	512.8
6.485039	45.51975	512.8
6.48312	45.520137	512.8
6.482308	45.521268	511.6
6.480707	45.522579	509.6
6.479588	45.52383	508.6
6.477999	45.525009	507.6
6.47642	45.526245	509.6
6.474908	45.528019	506.4
6.474416	45.529922	504.2
6.473835	45.531449	504.2
6.47346	45.532831	505.2
6.472364	45.533874	503
6.46901	45.535145	499.4
6.467703	45.5366	498.4
6.466574	45.538262	494
6.465946	45.539831	494
6.466107	45.541528	499.4
6.465477	45.54241	508.4
6.465233	45.543139	516.4
6.464853	45.543863	524.2
6.4645	45.544478	530.6
6.46434	45.545212	538.2
6.464225	45.546115	545.6
6.46405	45.546905	555.8
6.463882	45.546375	563.8
6.463752	45.54546	571.8
6.463922	45.544341	577.8
6.463675	45.544579	582.8
6.463355	45.54539	589.8
6.463267	45.54621	597.6
6.463221	45.546841	606.4
6.463257	45.547569	614.6
6.463016	45.546854	621.6
6.462746	45.546101	630.6
6.462517	45.545503	638.2
6.462494	45.544881	647.2
6.46223	45.545327	655
6.462284	45.54597	661.8
6.46237	45.546522	669.8
6.462451	45.547165	678.2
6.462135	45.547725	684.8
6.461622	45.548174	692
6.460985	45.548664	700
6.460968	45.549354	707.2
6.460548	45.54915	713.8
6.460347	45.548386	720.4
6.460206	45.547763	726.4
6.460298	45.547187	733.2
6.461112	45.546438	740.4
6.460437	45.54663	747.2
6.459798	45.547182	754.2
6.459927	45.54688	760.8
6.460153	45.546205	766.8
6.460556	45.545636	772.6
6.460756	45.54489	780.4
6.460775	45.544035	787.6
6.460387	45.543102	794.8
6.459896	45.542219	801.4
6.459858	45.5414	808
6.459776	45.540598	815.6
6.459624	45.539751	823.2
6.459705	45.538926	829.2
6.459653	45.538006	836.2
6.459687	45.537241	843.2
6.460428	45.536757	851.4
6.461219	45.536003	859.2
6.461855	45.535312	866.2
6.462115	45.534597	872.4
6.462578	45.533875	877.8
6.462977	45.533122	884.2
6.463142	45.532205	890.2
6.463473	45.531233	895.6
6.463551	45.53027	902.2
6.4634	45.529518	908.8
6.462932	45.528718	914
6.461904	45.527963	919.6
6.461025	45.527241	924.4
6.460751	45.52645	928.8
6.460772	45.525502	934.6
6.460684	45.52466	941
6.460137	45.52379	950.8
6.4594	45.523221	959
6.458895	45.522613	965.6
6.458339	45.522	973.4
6.457626	45.521416	980
6.457059	45.520783	986.8
6.45674	45.520502	992.8
6.457124	45.521293	997.8
6.457659	45.522063	1003.6
6.458367	45.522694	1009.8
6.457733	45.522446	1015.8
6.457073	45.521875	1022.2
6.456387	45.521319	1028.6
6.455808	45.520774	1034.4
6.455282	45.520232	1041
6.454465	45.519903	1047.2
6.452961	45.519519	1049.4
6.453862	45.518933	1048.4
6.454055	45.518159	1054.6
6.452695	45.517166	1057.2
6.451715	45.515868	1059.2
6.450609	45.514767	1065
6.449565	45.513903	1069.6
6.44841	45.513142	1074
6.446866	45.513469	1079.8
6.445439	45.513465	1087.2
6.444781	45.513145	1093.6
6.445217	45.512363	1100.4
6.445946	45.511618	1105.2
6.446604	45.510594	1108.6
6.446665	45.509462	1110.8
6.445831	45.50821	1112
6.444838	45.506211	1107.4
6.443165	45.504491	1100.4
6.441935	45.503252	1100.4
6.440526	45.501889	1100.4
6.438806	45.500335	1099.4
6.437051	45.49869	1097.2
6.435056	45.497211	1096.2
6.433888	45.495908	1098.4
6.432232	45.495353	1101.6
6.43197	45.494347	1106.8
6.43161	45.493531	1114.4
6.431032	45.492723	1120.8
6.430925	45.491978	1128.2
6.430512	45.491631	1135
6.430562	45.492504	1140.4
6.430973	45.493395	1146.4
6.431152	45.494288	1153
6.430967	45.495137	1159.2
6.430877	45.494306	1165.4
6.430482	45.49346	1172.4
6.430007	45.492641	1179.4
6.429434	45.491829	1185.8
6.428893	45.491028	1193.6
6.428114	45.490561	1201
6.428285	45.489785	1207.4
6.427743	45.489097	1214.8
6.427364	45.488442	1222.6
6.428043	45.487964	1229
6.427843	45.487477	1236.6
6.427477	45.486886	1243.6
6.427214	45.486894	1251
6.426762	45.487396	1259.2
6.426683	45.487778	1265.4
6.426191	45.487227	1272.6
6.42645	45.486697	1278.8
6.426161	45.486085	1284.6
6.425317	45.485554	1290.4
6.425088	45.484832	1296.4
6.424469	45.484228	1303.2
6.424057	45.483603	1309.2
6.423589	45.482894	1316.6
6.422678	45.482522	1323.8
6.421788	45.482356	1330
6.421869	45.481693	1334.8
6.421561	45.480908	1342.6
6.421269	45.480065	1351.4
6.42082	45.479449	1358.4
6.420727	45.478799	1364.8
6.420337	45.478767	1370.6
6.420163	45.479385	1376.4
6.419707	45.478831	1382.8
6.41896	45.478256	1389.4
6.418099	45.477749	1396
6.41768	45.477071	1401.8
6.418173	45.476626	1408.4
6.41856	45.476214	1416.6
6.418412	45.475598	1423.6
6.417714	45.475094	1432
6.417198	45.4745	1440.4
6.416633	45.474086	1450
6.415913	45.473826	1456.8
6.415255	45.473467	1463
6.414879	45.473524	1469.6
6.415604	45.473997	1475.2
6.41617	45.474455	1480
6.415959	45.475045	1485.4
6.414933	45.47522	1491
6.413951	45.475469	1496.4
6.413419	45.475607	1502.2
6.414103	45.475204	1507.2
6.414743	45.474908	1513
6.414923	45.474485	1519.8
6.414233	45.474232	1526.2
6.413501	45.474264	1532
6.412842	45.47408	1537.6
6.412317	45.473828	1543.6
6.411822	45.47353	1549.6
6.412038	45.47305	1554.4
6.41154	45.47263	1560.8
6.411004	45.472291	1567
6.410438	45.471992	1573.6
6.409783	45.47177	1579.4
6.409323	45.471332	1586.2
6.408727	45.471066	1594.6
6.408224	45.470645	1601.8
6.407794	45.470095	1609
6.406954	45.46979	1617.6
6.406123	45.469552	1625
6.40519	45.46948	1633.8
6.404297	45.469715	1641.4
6.403468	45.469698	1649.8
6.402727	45.469737	1657.6
6.402049	45.469991	1664.4
6.401309	45.47014	1670.8
6.400597	45.470041	1677.4
6.400294	45.469551	1682.2
6.400702	45.468734	1684.6
6.401192	45.467801	1686.6
6.40159	45.466823	1691.2
6.402201	45.466109	1697.2
6.402258	45.465046	1700.6
6.401819	45.464025	1701.6
6.401431	45.463049	1705
6.400853	45.462216	1708.2
6.400193	45.461373	1712.6
6.399503	45.460495	1715.8
6.398665	45.459518	1719.2
6.397567	45.458636	1722.6
6.396451	45.457643	1725
6.395001	45.457246	1728.2
6.39413	45.456525	1731.4
6.395105	45.455903	1734.8
6.395979	45.45525	1739.6
6.396756	45.454392	1744.4
6.397272	45.453461	1748
6.397255	45.452524	1751.4
6.397063	45.451524	1756
6.396685	45.450535	1760.6
6.396261	45.449697	1765.2
6.39565	45.449047	1770
6.395117	45.448425	1776.2
6.394567	45.447832	1782.2
6.394049	45.447329	1789
6.393495	45.446894	1795.8
6.392934	45.446527	1802.6
6.392339	45.44617	1809.6
6.391735	45.445808	1816.4
6.391015	45.44564	1823.2
6.39021	45.445542	1830
6.389445	45.445323	1837.2
6.388748	45.445063	1844
6.388065	45.444825	1852.4
6.387253	45.444657	1859.6
6.386423	45.444558	1867
6.385575	45.444539	1874.6
6.384752	45.444537	1881.4
6.383917	45.4445	1890
6.383057	45.444446	1897.2
6.38221	45.444288	1904.6
6.381603	45.443969	1912.6
6.381285	45.443473	1921.2
6.381339	45.442908	1928.8
6.381686	45.442338	1935.6
6.382057	45.441942	1941.6
6.381202	45.442181	1948
6.380458	45.442691	1954.6
6.379885	45.443203	1961.2
6.379585	45.44363	1967.8
6.379406	45.444116	1973.4
6.379262	45.444695	1979.4
6.379537	45.445312	1985.4
6.380065	45.445733	1991
6.380619	45.446167	1995.6
6.379913	45.445998	2001.4
6.379013	45.445653	2007.4
6.378482	45.44514	2013.6
6.378351	45.44453	2021.2
6.378121	45.443975	2027.8
6.377749	45.443461	2034.8
6.377565	45.442928	2042
6.377769	45.442392	2048.2
6.378152	45.441878	2055.2
6.378523	45.441401	2062.2
6.378303	45.441313	2070
6.377634	45.441773	2076.6
6.377113	45.442146	2083.4
6.377439	45.441529	2089.8
6.377818	45.440938	2096.8
6.378206	45.440298	2104
6.378932	45.439805	2109.8
6.378869	45.439134	2116.2
6.378349	45.438546	2123.6
6.377667	45.438126	2131.6
6.377883	45.438678	2137.6
6.377679	45.438898	2143.6
6.37686	45.438154	2149
6.375757	45.43707	2153.6
6.375561	45.435527	2155.8
6.374711	45.434127	2158
6.372192	45.432897	2142.8
6.369107	45.432915	2118.4
6.36601	45.432196	2093
6.362752	45.430945	2064.2
6.36363	45.430961	2043.4
6.366348	45.42962	2017
6.368529	45.427438	1988
6.371151	45.425942	1960.6
6.37402	45.425782	1936
6.371537	45.425175	1918
6.368547	45.425021	1898.4
6.366038	45.424362	1878.6
6.364085	45.425283	1859.4
6.36128	45.424496	1837
6.3598	45.423001	1814.8
6.362258	45.423464	1796.8
6.364052	45.422008	1777.4
6.365865	45.421276	1757
6.36503	45.419258	1735.2
6.363465	45.416974	1710
6.362168	45.41662	1690.6
6.359899	45.417088	1669.2
6.360305	45.415924	1648.8
6.356867	45.415338	1622.2
6.353922	45.41369	1595.6
6.351088	45.41291	1569.4
6.352292	45.414026	1554.8
6.349849	45.412919	1533.4
6.347851	45.410846	1507.2
6.34623	45.408881	1483.2
6.345575	45.406808	1469.8
6.34485	45.408176	1460.4
6.343666	45.405822	1437.8
6.343047	45.403695	1409.8
6.341157	45.40205	1384.6
6.339323	45.400337	1358.4
6.33747	45.398478	1333.4
6.337559	45.399709	1321
6.336294	45.39782	1304.2
6.335996	45.395212	1282.8
6.335212	45.393048	1262
6.33469	45.39314	1248.4
6.335918	45.392319	1234.2
6.336574	45.390373	1213.8
6.336895	45.387955	1184
6.333368	45.38765	1155.6
6.331045	45.38644	1130.4
6.331774	45.384774	1105.2
6.330135	45.384978	1087.4
6.330063	45.384539	1072.2
6.330132	45.38414	1056.6
6.327733	45.384347	1042.6
6.3292	45.382947	1026.8
6.328366	45.380709	1004.2
6.325478	45.379245	981.8
6.324353	45.377225	961.6
6.32341	45.374506	931.4
6.323939	45.37219	906.8
6.322687	45.373319	888.8
6.321131	45.374103	868.8
6.321844	45.37184	846.4
6.320501	45.369415	817
6.320446	45.366996	788.6
6.319009	45.368707	768.8
6.318101	45.369184	750
6.317912	45.367739	734.4
6.316716	45.36893	718.6
6.316272	45.367314	700.4
6.315681	45.367168	687
6.316667	45.364985	669.6
6.314066	45.364056	650.6
6.310128	45.364168	621.6
6.306534	45.363323	596.8
6.303555	45.361706	578.8
6.300666	45.360322	564.6
6.299682	45.359138	556.6
6.300955	45.357616	556.6
6.302396	45.355833	549.6
6.302787	45.353646	540.8
6.304554	45.351971	534.4
6.306223	45.350536	533.2
6.30608	45.34925	539.2
6.306587	45.347641	539.2
6.307504	45.34589	539.2
6.308516	45.344241	539.2
6.309513	45.342544	540.2
6.310452	45.340912	541.4
6.311307	45.339461	541.4
6.312169	45.338012	543.4
6.313093	45.336422	545.6
6.313928	45.334989	546.8
6.314766	45.333563	548.8
6.315696	45.332216	551
6.316722	45.330907	552
6.317728	45.329571	553
6.318692	45.328135	554.2
6.31945	45.326586	556.2
6.319951	45.325006	558.2
6.320425	45.323453	559.4
6.320952	45.321972	561.4
6.321256	45.320525	563.6
6.323165	45.320003	566
6.324893	45.319424	566
6.326558	45.318748	568
6.328405	45.31775	569.2
6.330501	45.316703	571.2
6.332418	45.315903	573.4
6.334324	45.315138	575.6
6.336198	45.314065	578.6
6.338153	45.313103	581
6.340014	45.313103	582
6.340038	45.313701	588.8
6.33877	45.314562	590
6.337701	45.315286	594.4
6.338265	45.31582	603.2
6.338961	45.316304	610.6
6.338797	45.316696	618
6.337677	45.316839	624.2
6.336787	45.316915	631.6
6.337109	45.317064	639.2
6.338235	45.316921	645
6.337684	45.317102	651.6
6.336816	45.317259	660.6
6.336672	45.317344	667
6.337431	45.317374	672.6
6.337477	45.31745	677.2
6.336715	45.317506	683.6
6.337458	45.317584	689.6
6.33838	45.317461	694.6
6.338131	45.31753	699.6
6.337254	45.317747	706.4
6.336784	45.317888	713.4
6.337672	45.317813	719.8
6.33832	45.317809	725.8
6.337498	45.31799	733
6.337548	45.318058	740.4
6.338169	45.318016	744.6
6.337252	45.318205	751.4
6.337369	45.318261	759.2
6.337951	45.318313	765.8
6.337007	45.318449	774.4
6.337599	45.31846	781
6.338272	45.318372	786
6.337464	45.318581	794.2
6.337456	45.318686	801.4
6.337638	45.318761	807.2
6.337645	45.318845	813.4
6.338246	45.318623	819.4
6.339043	45.318456	825.8
6.339825	45.3188	831.4
6.340687	45.31872	838.2
6.341619	45.318621	845
6.342639	45.318748	850.8
6.342199	45.319317	855.4
6.341545	45.319846	862.4
6.342382	45.320066	868.2
6.343605	45.320203	874.2
6.345266	45.320208	879
6.347106	45.320072	882.8
6.349396	45.32088	874.2
6.34912	45.319356	862.4
6.348926	45.317221	847.2
6.349605	45.315618	833.8
6.350018	45.313723	819.4
6.351763	45.312997	817.2
6.352954	45.312277	824
6.353302	45.31151	832
6.353739	45.310739	838.4
6.354369	45.310133	845.2
6.3551	45.309628	851.4
6.355624	45.308984	858
6.356215	45.308279	864.6
6.357696	45.307709	866.8
6.359233	45.306813	866.8
6.360765	45.306157	869
6.363183	45.305452	862.2
6.365715	45.304084	846
6.367572	45.302313	824.4
6.368748	45.300874	803.6
6.366824	45.302201	787.2
6.363757	45.303209	764.4
6.365441	45.302199	746.8
6.364843	45.302125	732.6
6.3626	45.301356	716.8
6.364469	45.300569	700.4
6.364799	45.298792	682.4
6.361741	45.298355	662.8
6.359066	45.297697	644
6.357576	45.296393	628.4
6.356861	45.294612	617.4
6.354542	45.294072	613
6.352475	45.293392	610.8
6.352934	45.291781	607.6
6.35303	45.290048	607.6
6.352955	45.288433	608.6
6.352733	45.286917	609.8
6.351566	45.285684	612
6.349895	45.283971	615.2
6.34867	45.282722	622
6.347762	45.281755	628.2
6.346937	45.280885	634.4
6.346034	45.279929	640.6
6.345117	45.279028	646.2
6.344193	45.278102	652.2
6.344319	45.277247	658.4
6.345818	45.276287	660.6
6.347219	45.274974	660.6
6.346859	45.274026	661.6
6.345925	45.273409	668.4
6.34512	45.272813	676.4
6.344157	45.27233	682.8
6.343104	45.272279	689.4
6.342208	45.272313	696.4
6.341238	45.27241	703
6.340369	45.27225	709.6
6.339863	45.271677	716.4
6.339477	45.271079	722.6
6.339008	45.270364	730.2
6.338568	45.26999	737
6.338325	45.270664	745.4
6.337551	45.270966	753.4
6.336722	45.270933	761.6
6.336349	45.270259	768.2
6.336149	45.26958	775
6.33563	45.26894	780.2
6.33452	45.268361	783.6
6.333636	45.267826	788.4
6.332669	45.267533	794.6
6.331733	45.267293	800.8
6.330964	45.266919	807.6
6.330564	45.2662	814.2
6.330163	45.26551	822.8
6.329669	45.264934	830.6
6.329092	45.264329	837.8
6.328567	45.26378	845.4
6.328134	45.263109	852.2
6.3276	45.262535	860
6.326943	45.261977	868.8
6.32625	45.261413	876.6
6.325559	45.260876	884.2
6.324831	45.260439	892
6.324049	45.259929	901.2
6.323275	45.259466	908.8
6.322556	45.258905	917.2
6.321913	45.258408	924.6
6.321203	45.257895	932.2
6.320477	45.257442	939.6
6.319815	45.256878	948.4
6.319277	45.256365	955.2
6.318619	45.255829	963.6
6.318211	45.255273	969
6.318491	45.254363	973.4
6.317341	45.253436	976.8
6.317062	45.25185	968.2
6.315885	45.250388	953
6.315506	45.248841	949.6
6.31601	45.247328	947.6
6.317349	45.246415	950.8
6.316677	45.24519	950.6
6.315995	45.243355	944.6
6.31616	45.241447	937.4
6.314473	45.239666	921.4
6.310957	45.239508	907
6.310469	45.238493	908
6.311427	45.238283	917.2
6.312369	45.238291	924
6.313135	45.238098	930.4
6.31297	45.237648	937.8
6.312545	45.23717	944
6.312308	45.236568	950
6.312389	45.235898	956
6.312235	45.235275	962
6.312027	45.234643	968.8
6.311669	45.234062	975.4
6.311618	45.233539	982.2
6.31162	45.232986	988.8
6.311235	45.232516	996.6
6.310996	45.231962	1003.4
6.310586	45.231571	1010.4
6.310148	45.231212	1017.2
6.310469	45.230734	1023.6
6.310324	45.230142	1029.4
6.309923	45.229713	1036.2
6.310099	45.229244	1042.4
6.310334	45.228802	1048.8
6.310317	45.228304	1054.8
6.309905	45.227888	1060.8
6.309764	45.227389	1065.4
6.310024	45.226938	1070.4
6.31043	45.226448	1076
6.31078	45.225882	1081.6
6.310261	45.225242	1086.4
6.309543	45.224812	1091.2
6.30869	45.224239	1096
6.308421	45.223442	1100.6
6.308148	45.223665	1106.2
6.308388	45.224291	1112.4
6.308933	45.22488	1118.8
6.309387	45.225468	1125.2
6.3095	45.226041	1130.8
6.309003	45.226461	1135.6
6.308411	45.226918	1141.4
6.308299	45.227591	1147.2
6.307887	45.228106	1153.2
6.307421	45.228548	1159.4
6.306875	45.228645	1165.8
6.306307	45.228757	1172
6.306381	45.229205	1177.4
6.306186	45.229628	1183.4
6.305609	45.229926	1189.8
6.306159	45.230424	1195.4
6.305971	45.230982	1200
6.305448	45.231346	1205.8
6.305223	45.2319	1211.2
6.305031	45.232467	1217
6.305103	45.233082	1222.6
6.304868	45.232961	1228.6
6.304613	45.232386	1235
6.304535	45.231812	1242
6.304375	45.231267	1248.8
6.304696	45.230721	1255.6
6.304555	45.230185	1263.4
6.304162	45.229754	1270
6.303458	45.229588	1277
6.303719	45.229196	1283.4
6.303898	45.228803	1290
6.303403	45.228398	1296.2
6.302638	45.228099	1303
6.303046	45.227652	1310.8
6.303732	45.227301	1317.2
6.304029	45.226806	1324
6.304146	45.22624	1331.2
6.304025	45.22558	1339
6.303668	45.225005	1345.6
6.303801	45.224392	1351.6
6.304044	45.22365	1356.2
6.303636	45.223045	1362.8
6.303898	45.222251	1367.6
6.303695	45.221725	1373
6.304515	45.220821	1377.8
6.305235	45.220474	1382.4
6.305695	45.219479	1384.6
6.305524	45.218063	1385.6
6.305899	45.216283	1386.6
6.306031	45.214966	1385.4
6.306185	45.213986	1383.2
6.306633	45.210579	1379.8
6.307847	45.209519	1379.8
6.309033	45.208635	1383.2
6.308601	45.207322	1385.6
6.307959	45.205677	1382.2
6.306917	45.204141	1376.2
6.306236	45.202373	1370.6
6.303343	45.201691	1360.4
6.302745	45.199596	1346.4
6.302577	45.198022	1336.6
6.301198	45.197016	1324.4
6.29914	45.195984	1319.8
6.298079	45.194808	1318.8
6.296856	45.193732	1322
6.295209	45.193371	1329.6
6.294076	45.193051	1335.8
6.293237	45.192585	1341
6.291845	45.192468	1347.2
6.290551	45.192899	1353
6.289508	45.192304	1357.8
6.288191	45.192275	1362.4
6.286852	45.192753	1366.8
6.285618	45.192694	1372.6
6.284696	45.193442	1378.4
6.284042	45.194388	1384.4
6.283004	45.19519	1390.2
6.28207	45.19575	1396.4
6.281793	45.196496	1401
6.280938	45.196951	1407
6.280039	45.197252	1413.6
6.279542	45.197785	1419.8
6.278809	45.19816	1426
6.278046	45.198618	1432
6.277274	45.199162	1438.4
6.276554	45.199659	1444.2
6.275688	45.200321	1449
6.274516	45.201056	1453.4
6.272575	45.200944	1455.6
6.270778	45.201347	1460.4
6.269423	45.201705	1467.8
6.268603	45.202269	1475.2
6.267776	45.202908	1481.2
6.266909	45.203357	1487.6
6.266072	45.203792	1494.6
6.265699	45.204485	1501.4
6.265089	45.20524	1507.4
6.264405	45.205947	1512
6.263414	45.206502	1516.8
6.262749	45.207589	1520
6.261848	45.208591	1523.4
6.260559	45.208998	1529.4
6.259128	45.209495	1535.2
6.25783	45.21039	1538.4
6.25663	45.211349	1540.6
6.255011	45.212096	1542.8
6.253732	45.212512	1549.2
6.252729	45.213027	1555
6.252332	45.213856	1560.6
6.252092	45.214624	1566.4
6.251168	45.214973	1573
6.250178	45.215007	1579
6.249239	45.215213	1585.4
6.248403	45.215959	1589.8
6.247343	45.216823	1592
6.246326	45.217363	1596.6
6.245334	45.217638	1602.8
6.244101	45.217871	1607.6
6.242954	45.218543	1612.6
6.24156	45.219133	1614.6
6.2403	45.219762	1618.2
6.239006	45.220137	1622.6
6.237655	45.220398	1627.4
6.236404	45.220852	1632
6.234821	45.221078	1635.4
6.233188	45.221364	1636.4
6.231375	45.221392	1637.6
6.229905	45.221427	1641.2
6.228861	45.221449	1647.4
6.228001	45.221406	1653.8
6.227194	45.221369	1661
6.226532	45.22112	1667.8
6.225737	45.221063	1674.6
6.224924	45.221081	1681
6.224124	45.221033	1687.2
6.223632	45.220413	1693.8
6.223248	45.220706	1700.4
6.222931	45.221228	1707.2
6.222901	45.221731	1713.4
6.22377	45.221998	1719
6.2229	45.222091	1722.8
6.22211	45.221955	1727.6
6.221528	45.221635	1733.4
6.22072	45.221447	1739.2
6.220131	45.221049	1746.8
6.219426	45.220788	1754
6.218546	45.220551	1762.6
6.217755	45.220347	1770.2
6.21719	45.219838	1776.2
6.21722	45.220381	1782.4
6.217215	45.220947	1790.6
6.216754	45.221415	1797.4
6.216435	45.221894	1803.6
6.216051	45.222434	1810.4
6.215972	45.223065	1816.8
6.216174	45.223593	1823.4
6.216487	45.224209	1829.8
6.216826	45.224726	1834.4
6.216991	45.225136	1840.6
6.216189	45.224631	1846.2
6.215441	45.224155	1850.8
6.214569	45.223995	1856.6
6.213847	45.22357	1862.6
6.21322	45.22302	1868.6
6.21264	45.222395	1874.6
6.212378	45.22179	1880.6
6.212329	45.221269	1886
6.211953	45.22179	1890.6
6.211697	45.222427	1894.8
6.211726	45.222999	1897
6.211941	45.223535	1900.4
6.212495	45.224076	1905.2
6.213155	45.224576	1909.6
6.213611	45.225047	1915.4
6.213924	45.225574	1918.6
6.214342	45.226178	1923
6.214846	45.226733	1928.6
6.215365	45.227214	1934
6.2161	45.227603	1939.4
6.216751	45.227955	1945
6.215756	45.227662	1949.6
6.214973	45.227354	1955
6.213962	45.22687	1961
6.213173	45.226318	1968.6
6.212572	45.225838	1974.8
6.212833	45.226275	1980.8
6.213078	45.22673	1986.8
6.213539	45.227247	1992.6
6.214397	45.227571	2000.2
6.214998	45.227959	2006.6
6.215296	45.228543	2012.8
6.215749	45.229061	2018.8
6.216034	45.229649	2024.6
6.216088	45.230236	2030
6.216515	45.230821	2036.2
6.216195	45.230862	2042.2
6.215462	45.230383	2048.6
6.215125	45.229712	2055.6
6.21452	45.229166	2063.2
6.213762	45.228789	2071
6.213076	45.228636	2078
6.212486	45.228905	2085.4
6.211705	45.228934	2092.2
6.211005	45.228852	2098
6.210294	45.228956	2104.4
6.209587	45.228972	2109.2
6.208819	45.229013	2115.2
6.209141	45.229568	2121
6.209487	45.230121	2126.6
6.210114	45.230532	2133
6.210253	45.230717	2139.2
6.209168	45.230592	2146
6.208335	45.230203	2152.2
6.207685	45.229841	2159.6
6.207063	45.229499	2166.2
6.206365	45.229209	2171.8
6.205614	45.228862	2176.8
6.204818	45.228421	2183.8
6.204477	45.227673	2190.8
6.203342	45.227479	2198.8
6.20245	45.228504	2199.8
6.201605	45.229992	2189.8
6.199349	45.231345	2174.2
6.196934	45.232903	2157.6
6.194128	45.233859	2138.4
6.192834	45.235475	2123.6
6.19052	45.236994	2106
6.187497	45.237881	2089
6.185171	45.239207	2072.4
6.182375	45.238942	2053
6.179035	45.238936	2034.4
6.175883	45.238467	2018
6.174092	45.236528	1996
6.171819	45.234768	1971.4
6.16874	45.2336	1946.2
6.165492	45.232699	1924.6
6.16205	45.231864	1904.2
6.15933	45.230288	1882.2
6.156479	45.22905	1863.2
6.15334	45.228351	1842.8
6.150607	45.227409	1827.4
6.149182	45.226767	1829
6.147667	45.226697	1835
6.146256	45.226587	1841.4
6.145092	45.226412	1846.4
6.144099	45.226089	1852
6.143028	45.225716	1856.2
6.142026	45.225325	1861.6
6.140942	45.225033	1867.4
6.139901	45.22475	1872
6.1389	45.224298	1876.4
6.138821	45.223497	1881
6.13823	45.222735	1886.8
6.137113	45.222249	1891.6
6.136408	45.221369	1896
6.135707	45.220363	1898.2
6.134645	45.219108	1898.2
6.133409	45.217545	1890.2
6.131867	45.215725	1879
6.130293	45.213642	1868.4
6.128091	45.21192	1852.8
6.125815	45.210364	1835.8
6.122792	45.209396	1824.2
6.119589	45.208634	1809
6.116893	45.208513	1804.2
6.114447	45.208051	1801.8
6.111459	45.207815	1788.8
6.108385	45.20763	1772.8
6.10501	45.206516	1751.2
6.103506	45.205671	1734
6.106063	45.206458	1720.4
6.108892	45.206811	1700.6
6.106826	45.206231	1687.8
6.103402	45.205074	1664.2
6.099565	45.204339	1637.4
6.095515	45.204609	1605
6.091416	45.203973	1570
6.088236	45.203399	1543.2
6.085879	45.201599	1528
6.082772	45.201253	1509.6
6.079167	45.201386	1487.4
6.077063	45.203081	1460.6
6.076683	45.203085	1441.6
6.076665	45.202146	1421.4
6.074851	45.203703	1399.2
6.072385	45.204437	1372.4
6.070392	45.20512	1368.8
6.067876	45.205964	1359.6
6.064945	45.20748	1336.6
6.06093	45.20822	1301.8
6.057353	45.209208	1264.6
6.055205	45.209748	1256.2
6.05624	45.209765	1264
6.056937	45.209908	1273.4
6.057075	45.210149	1281.6
6.056532	45.210228	1288.2
6.055973	45.210319	1295.6
6.055741	45.210536	1304.2
6.056429	45.210617	1310.6
6.056713	45.210814	1317.2
6.055908	45.210861	1325.6
6.055345	45.210853	1334.8
6.053699	45.210944	1337.2
6.051586	45.210861	1339.4
6.050471	45.211259	1346
6.049427	45.210837	1353
6.04832	45.211027	1359.4
6.047571	45.211143	1365
6.046677	45.209879	1367.2
6.045262	45.20917	1368.2
6.04482	45.207906	1369.2
6.044138	45.206485	1368.2
6.043058	45.205017	1367.2
6.041334	45.20408	1364
6.040333	45.202483	1359.2
6.039312	45.200538	1350.8
6.039286	45.198575	1344.8
6.038649	45.196007	1326.8
6.036934	45.193218	1297
6.035702	45.190277	1262.8
6.033973	45.187317	1224.4
6.034652	45.184647	1192.4
6.035302	45.181372	1154.6
6.036567	45.178377	1118.6
6.03689	45.176277	1090.6
6.037575	45.174045	1075.8
6.038731	45.171123	1049.6
6.040779	45.168573	1019.4
6.041951	45.165786	994.4
6.042265	45.162759	969.2
6.04254	45.159924	951.8
6.043861	45.157017	927.2
6.04556	45.154312	895
6.047217	45.15166	869.6
6.04845	45.149495	865.6
6.049477	45.148193	869.2
6.050654	45.147463	877.4
6.051258	45.146466	884.4
6.053205	45.145828	885.4
6.053453	45.144443	878.8
6.05086	45.143657	863.8
6.049348	45.141488	854.2
6.048958	45.139663	853.2
6.048478	45.138041	854.4
6.049226	45.136748	856.6
6.049395	45.135166	858.6
6.049003	45.133485	858.6
6.04859	45.132037	858.6
6.048138	45.130688	858.6
6.047478	45.129296	858.6
6.045649	45.128144	858.6
6.043809	45.12909	859.8
6.041847	45.13031	860.8
6.041449	45.130302	861.8
6.043602	45.128653	850
6.043189	45.128559	837
6.040309	45.128776	823.6
6.037703	45.127908	817.6
6.035249	45.12705	815.4
6.033094	45.126182	813.4
6.030952	45.125319	813.4
6.028812	45.12442	813.4
6.026674	45.123564	811.2
6.024464	45.122696	810.2
6.022614	45.121493	810.2
6.020289	45.120586	809.2
6.018018	45.119554	808.2
6.01625	45.118225	808.2
6.014506	45.116791	807.2
6.012822	45.115304	807.2
6.009806	45.114746	804.8
6.006871	45.114475	804.8
6.006087	45.113236	806.8
6.006508	45.11125	808
6.006953	45.109337	808
6.007411	45.107427	808
6.007836	45.105613	808
6.008251	45.103824	808
6.008687	45.10199	808
6.009128	45.100127	809
6.009606	45.098236	809
6.010093	45.096356	809
6.010576	45.094432	810
6.011033	45.092427	811
6.011512	45.090453	812
6.011968	45.088575	812
6.012443	45.086621	813
6.012911	45.084717	813
6.013395	45.08281	814
6.013834	45.08098	815.2
6.014238	45.079096	816.2
6.014666	45.077303	817.2
6.015224	45.075781	821.8
6.01614	45.074624	826.4
6.017262	45.073245	830.6
6.018705	45.071486	828.6
6.020093	45.069498	825.2
6.021499	45.067645	823
6.022825	45.065934	821
6.024081	45.064212	821
6.025313	45.062544	821
6.026516	45.060945	821
6.027858	45.0592	822
6.029156	45.057476	822
6.029702	45.055599	822
6.03165	45.054756	823
6.033664	45.055893	823
6.035134	45.057231	823
6.036624	45.058424	825.2
6.037746	45.059664	827.4
6.037316	45.061659	821.2
6.037663	45.063331	820
6.039334	45.064522	822.4
6.039923	45.065802	826
6.039626	45.066515	836.2
6.039516	45.066986	842.6
6.03945	45.067434	849
6.039335	45.067949	855.2
6.039285	45.068521	863
6.039199	45.069005	870
6.038972	45.069422	876.2
6.038738	45.069928	882.4
6.038668	45.070426	889
6.038776	45.070913	895.8
6.038918	45.071436	902
6.039187	45.071724	908.2
6.039177	45.07117	912.8
6.039346	45.07072	919.8
6.039617	45.070238	926.4
6.040051	45.069925	934
6.040461	45.06958	940.8
6.040955	45.069224	948.6
6.041071	45.068706	955.2
6.041167	45.068221	961
6.041395	45.067771	967.8
6.041682	45.067322	974.6
6.041969	45.066867	981.2
6.042238	45.066524	988
6.041943	45.06714	995.2
6.041753	45.067623	1001.8
6.042036	45.067856	1008.6
6.04212	45.067333	1014.6
6.042605	45.066932	1021.8
6.042911	45.066434	1028.2
6.043237	45.066028	1036
6.043173	45.066506	1043.8
6.043015	45.066976	1050.2
6.042842	45.067481	1057.2
6.042735	45.067959	1064.2
6.042689	45.068428	1070.8
6.042825	45.068836	1077.6
6.042858	45.068203	1083.4
6.043234	45.067769	1090.2
6.043648	45.067347	1096.8
6.044351	45.06762	1101.6
6.044735	45.068326	1107.4
6.045077	45.068964	1112.8
6.045628	45.069581	1117.4
6.04606	45.070141	1122.6
6.046709	45.070541	1128.4
6.047251	45.07103	1134.4
6.047772	45.071585	1141
6.047861	45.071831	1147
6.047152	45.071354	1152.6
6.046379	45.071088	1156.8
6.045532	45.071069	1162.8
6.044606	45.070948	1167.4
6.044747	45.071245	1173.4
6.045562	45.071472	1178
6.046347	45.07165	1183.6
6.04694	45.072085	1189.2
6.047418	45.072637	1195
6.04771	45.07325	1200.6
6.048354	45.073638	1205.2
6.049139	45.073461	1210.8
6.049878	45.073188	1215.2
6.050458	45.072855	1221
6.050992	45.072546	1227
6.050906	45.072793	1232.8
6.050536	45.073266	1238.8
6.050206	45.073754	1245.2
6.049692	45.074166	1251.8
6.049465	45.074702	1258.4
6.048851	45.074995	1264.6
6.048062	45.07489	1271
6.048094	45.075042	1276
6.048964	45.07523	1281.8
6.049757	45.075164	1287.6
6.050191	45.074656	1293.4
6.050752	45.07422	1299.2
6.051377	45.073772	1304.8
6.051961	45.073258	1309.4
6.051537	45.073819	1315.2
6.051057	45.074448	1321.2
6.050791	45.075104	1327.6
6.050601	45.075734	1333.6
6.049906	45.076142	1339.6
6.049187	45.07644	1345.4
6.048157	45.076346	1351.4
6.047423	45.076616	1357.6
6.048155	45.07657	1362.4
6.048877	45.076739	1368.2
6.049605	45.076686	1372.8
6.05036	45.076544	1378.2
6.051052	45.076314	1384
6.051549	45.075954	1389.8
6.051906	45.075496	1395
6.052222	45.075004	1399.6
6.052236	45.075185	1404.4
6.052026	45.075748	1410
6.051903	45.076277	1416.2
6.051667	45.076763	1422.8
6.051196	45.077114	1429
6.050561	45.077464	1435.2
6.050137	45.077791	1441.2
6.049627	45.078083	1447
6.048845	45.078053	1452.4
6.048006	45.07791	1457
6.048639	45.078167	1461.6
6.049293	45.078417	1467.2
6.050004	45.07837	1471.8
6.050782	45.078179	1476.8
6.051452	45.077967	1480.8
6.052173	45.077768	1486.6
6.052964	45.077322	1492.2
6.053585	45.077488	1497.4
6.054007	45.078088	1504.4
6.054353	45.078672	1512.6
6.054647	45.079281	1519.6
6.054658	45.07983	1526.2
6.054835	45.080428	1532.2
6.05542	45.080775	1538.2
6.055808	45.080275	1544.2
6.056664	45.080103	1548.6
6.05756	45.08039	1553.2
6.058366	45.0807	1556.8
6.059011	45.081056	1562.6
6.059732	45.081325	1568.4
6.060361	45.081599	1574
6.061092	45.081832	1579.4
6.061825	45.082031	1583.8
6.062035	45.082264	1588.4
6.061134	45.082112	1590.8
6.060273	45.082187	1595.6
6.059372	45.08224	1600
6.058365	45.082299	1604.8
6.057663	45.082729	1608.2
6.057567	45.083308	1612.4
6.057939	45.083382	1618.2
6.058661	45.083096	1624.4
6.059365	45.083056	1631.2
6.060168	45.083128	1637.2
6.060967	45.083279	1643.4
6.061727	45.083435	1649.2
6.062506	45.083522	1654.6
6.061792	45.083617	1659.4
6.061028	45.083812	1664
6.060458	45.084098	1670
6.060201	45.084607	1675.8
6.05993	45.085172	1681.2
6.059571	45.0857	1687
6.059085	45.086132	1692.6
6.058675	45.086539	1698.8
6.05832	45.086997	1704.6
6.058017	45.08747	1710.4
6.057552	45.087869	1715.6
6.056996	45.088206	1721.2
6.056254	45.08829	1727
6.056032	45.088423	1732.6
6.056403	45.088925	1738.2
6.057038	45.089125	1743.8
6.057761	45.089172	1748.8
6.058495	45.089121	1753.2
6.059291	45.088981	1758.8
6.060011	45.088828	1764.8
6.060289	45.088932	1770.2
6.059843	45.089426	1774.8
6.059362	45.089832	1780.4
6.058865	45.090181	1786.2
6.058302	45.09056	1790.8
6.05771	45.090923	1796.6
6.057135	45.091193	1802.6
6.056447	45.091399	1809
6.055634	45.091395	1815.2
6.05589	45.091591	1819.8
6.056597	45.091759	1824.6
6.057461	45.091849	1830.6
6.058343	45.091769	1835.8
6.059192	45.091701	1840.4
6.059971	45.091548	1845.6
6.060683	45.091402	1851.2
6.061419	45.09123	1856.8
6.062142	45.091048	1862.2
6.062865	45.090863	1868.2
6.063638	45.090756	1874.6
6.06489	45.090487	1877.8
6.065396	45.090846	1880
6.064462	45.091095	1884.4
6.063715	45.091487	1888.8
6.06291	45.091908	1893.4
6.061977	45.092495	1897
6.061439	45.092842	1902.6
6.062421	45.092705	1908.6
6.063402	45.092626	1914.4
6.064534	45.0927	1919
6.065719	45.092885	1922.4
6.066925	45.09306	1925.8
6.068304	45.093027	1926.8
6.070118	45.092449	1924.8
6.071836	45.092801	1923.8
6.071343	45.09368	1926.4
6.071005	45.094344	1931.8
6.070859	45.094776	1937.4
6.070726	45.09509	1939.6
6.070673	45.095241	1944
6.070637	45.09542	1944
6.070852	45.095256	1944
6.07104	45.095099	1942.8
6.071263	45.094913	1941.8