Romain
Bardet
TDF2018
Stage19
60
long	lat	elev
0.000442	43.094612	389
0.009322	43.094589	389
0.01892	43.098152	393
0.02938	43.10152	389
0.034295	43.108074	385
0.041928	43.111362	381
0.049563	43.114101	383
0.05405	43.112385	410
0.057767	43.114029	437
0.061698	43.115917	464
0.066458	43.116432	492
0.07241	43.118172	501
0.08125	43.118675	506
0.086727	43.118668	522
0.095728	43.116123	473
0.108103	43.117252	441
0.1129	43.112598	444
0.116397	43.107105	453
0.12104	43.101662	458
0.126438	43.097763	469
0.131875	43.0924	478
0.136088	43.086246	487
0.139828	43.08007	499
0.143103	43.074699	508
0.146177	43.069458	520
0.149172	43.066429	526
0.155332	43.068768	526
0.159178	43.07447	548
0.160498	43.077099	573
0.163412	43.080101	601
0.167937	43.084309	610
0.177013	43.090176	598
0.188345	43.096199	535
0.192425	43.101398	546
0.197522	43.106926	550
0.202667	43.110783	558
0.215412	43.113125	525
0.226305	43.115211	491
0.23469	43.117569	458
0.245345	43.110481	370
0.261255	43.109886	304
0.261028	43.114517	306
0.259035	43.119263	292
0.261307	43.121826	296
0.262375	43.125359	297
0.261632	43.130997	309
0.262057	43.13557	330
0.267828	43.135124	340
0.273232	43.132919	348
0.276803	43.130573	366
0.282553	43.129021	380
0.288785	43.129711	395
0.294445	43.129093	411
0.299343	43.128132	426
0.30302	43.126026	443
0.305342	43.12286	458
0.308295	43.120987	480
0.311222	43.119472	500
0.31419	43.117603	520
0.314858	43.116535	538
0.315178	43.114883	559
0.31561	43.111858	585
0.313543	43.106789	597
0.318155	43.102318	609
0.327125	43.099415	613
0.332488	43.094498	625
0.336768	43.089111	637
0.343052	43.08527	646
0.350767	43.081829	651
0.359617	43.080769	648
0.361905	43.075905	641
0.36029	43.069076	648
0.359677	43.062736	651
0.360855	43.056374	659
0.3618	43.051357	674
0.36307	43.044987	678
0.364948	43.036644	664
0.369177	43.027309	626
0.372452	43.019703	621
0.37302	43.013264	623
0.377945	43.005753	605
0.373893	42.998592	600
0.374803	42.990944	597
0.375748	42.983684	606
0.376132	42.976662	611
0.376073	42.970215	616
0.378248	42.964168	623
0.379012	42.958424	634
0.375677	42.951504	638
0.373763	42.945026	647
0.371065	42.939533	658
0.368155	42.933342	670
0.367133	42.926285	679
0.363335	42.918938	686
0.359043	42.912453	693
0.359433	42.91119	704
0.35864	42.91412	726
0.355302	42.916252	747
0.349275	42.917553	766
0.3469	42.920101	783
0.349758	42.919052	803
0.353015	42.918327	821
0.356677	42.918156	843
0.359195	42.920418	861
0.35952	42.923901	880
0.358663	42.921654	902
0.355707	42.920727	926
0.35252	42.922199	949
0.349325	42.924496	972
0.346553	42.926903	990
0.345117	42.928036	1009
0.348653	42.927197	1028
0.351995	42.925457	1050
0.352988	42.925758	1073
0.351262	42.927769	1096
0.349727	42.929794	1120
0.347688	42.931713	1142
0.346342	42.934219	1166
0.344518	42.936417	1188
0.342338	42.938389	1209
0.33924	42.938641	1229
0.336743	42.940227	1249
0.336828	42.940716	1270
0.340093	42.940071	1294
0.343527	42.94035	1316
0.342435	42.941017	1341
0.338905	42.941795	1361
0.335995	42.94331	1383
0.33238	42.943863	1407
0.32912	42.94265	1430
0.322692	42.943871	1422
0.312028	42.943138	1363
0.302202	42.940624	1295
0.293182	42.942463	1215
0.291452	42.940697	1152
0.283463	42.942799	1090
0.273777	42.945614	1077
0.26764	42.951328	1047
0.257363	42.958317	993
0.248005	42.964771	958
0.245173	42.974415	911
0.239693	42.980511	902
0.22981	42.982021	852
0.228558	42.98164	865
0.229733	42.976669	879
0.230887	42.972965	895
0.230747	42.968952	913
0.230272	42.962612	919
0.228518	42.95805	944
0.227637	42.953514	965
0.225512	42.949673	983
0.222572	42.9468	1005
0.219977	42.944874	1032
0.217282	42.942642	1058
0.214027	42.940575	1088
0.211033	42.937981	1122
0.208525	42.935467	1152
0.205477	42.933193	1182
0.202663	42.93042	1211
0.20007	42.927929	1236
0.197058	42.925961	1260
0.200017	42.924732	1287
0.204083	42.923908	1320
0.20671	42.921493	1350
0.208568	42.91898	1377
0.208848	42.917358	1404
0.206308	42.919563	1429
0.203738	42.921486	1456
0.200358	42.922413	1482
0.19742	42.921501	1507
0.195172	42.920834	1533
0.191042	42.919289	1557
0.188872	42.917244	1579
0.187142	42.915298	1603
0.185745	42.91325	1629
0.183853	42.911499	1654
0.180907	42.910221	1677
0.178312	42.911076	1695
0.174815	42.910564	1717
0.171107	42.910313	1739
0.167392	42.909504	1766
0.163713	42.909489	1794
0.160478	42.908611	1814
0.15741	42.907242	1840
0.154012	42.906528	1869
0.156277	42.908432	1898
0.155347	42.909603	1927
0.152818	42.908577	1952
0.149705	42.908569	1975
0.14829	42.906746	1997
0.14748	42.907463	2018
0.145308	42.908398	2039
0.142778	42.907333	1973
0.137278	42.91272	1887
0.136987	42.90398	1820
0.12699	42.903709	1734
0.126198	42.90707	1668
0.115217	42.907333	1581
0.102255	42.906357	1485
0.101653	42.903263	1421
0.087877	42.902214	1362
0.072883	42.898487	1267
0.058868	42.89484	1169
0.048207	42.890022	1078
0.041745	42.884243	1005
0.032878	42.882969	928
0.019147	42.878353	835
0.005258	42.874252	752
-0.004118	42.875008	712
-0.012502	42.881302	674
-0.018863	42.888084	649
-0.02503	42.893368	642
-0.028922	42.899578	639
-0.034607	42.905933	620
-0.036815	42.911156	631
-0.039298	42.917221	622
-0.040858	42.924049	609
-0.046358	42.931999	558
-0.051585	42.939316	527
-0.055715	42.945614	514
-0.065287	42.950138	499
-0.071142	42.954548	494
-0.074627	42.958748	504
-0.073737	42.967278	475
-0.0779	42.974895	456
-0.084077	42.98072	447
-0.088672	42.987083	444
-0.091173	42.993645	442
-0.094647	42.998234	456
-0.100677	43.002205	462
-0.100888	43.006447	473
-0.104327	43.004726	499
-0.107022	43.002449	528
-0.108682	42.99979	555
-0.11246	42.999104	584
-0.116518	42.998081	607
-0.117792	42.99546	632
-0.121662	42.995083	658
-0.125052	42.992798	684
-0.128912	42.986736	648
-0.138157	42.982731	633
-0.143502	42.982113	659
-0.147202	42.979835	676
-0.150463	42.977417	698
-0.152115	42.974804	721
-0.153293	42.971966	743
-0.15501	42.969849	767
-0.154617	42.96806	795
-0.15626	42.965763	821
-0.157588	42.962437	842
-0.160952	42.960361	863
-0.163432	42.957081	882
-0.166623	42.953957	902
-0.168782	42.950096	921
-0.171972	42.946915	944
-0.176063	42.94445	963
-0.178295	42.939796	978
-0.179695	42.942268	1004
-0.181673	42.943832	1028
-0.182697	42.945084	1054
-0.184303	42.944603	1078
-0.18552	42.946255	1106
-0.188415	42.946331	1132
-0.191763	42.949268	1150
-0.198503	42.952858	1147
-0.203397	42.953052	1080
-0.215688	42.945541	982
-0.216288	42.950081	902
-0.215343	42.956623	884
-0.213185	42.959084	910
-0.212465	42.960628	931
-0.216333	42.960888	956
-0.220543	42.960888	975
-0.218647	42.962215	1003
-0.218128	42.963909	1027
-0.215263	42.966415	1055
-0.219333	42.966022	1086
-0.223503	42.965145	1112
-0.225877	42.967236	1137
-0.227683	42.965618	1166
-0.23082	42.964119	1192
-0.233273	42.962387	1219
-0.236867	42.963451	1245
-0.240345	42.964134	1269
-0.242428	42.963085	1295
-0.245033	42.962288	1320
-0.248133	42.960709	1345
-0.250777	42.961117	1372
-0.254027	42.961018	1397
-0.257055	42.960815	1421
-0.260963	42.960606	1447
-0.270567	42.958351	1419
-0.278318	42.955372	1377
-0.288745	42.954388	1348
-0.293145	42.958332	1356
-0.298523	42.962013	1369
-0.30264	42.964909	1381
-0.301773	42.968651	1393
-0.303262	42.971916	1412
-0.307147	42.974716	1423
-0.311192	42.976162	1448
-0.31523	42.975643	1470
-0.318308	42.973991	1493
-0.31998	42.972332	1516
-0.32323	42.971436	1541
-0.325363	42.972519	1568
-0.329767	42.97168	1589
-0.33268	42.973911	1620
-0.336675	42.975185	1648
-0.340225	42.976376	1674
-0.345107	42.97583	1608
-0.34464	42.970436	1539
-0.334973	42.966286	1452
-0.332717	42.958488	1357
-0.338838	42.964615	1273
-0.343282	42.963264	1166
-0.34657	42.964134	1088
-0.360793	42.966431	989
-0.372693	42.967472	877
-0.382323	42.969906	822
-0.38989	42.972771	757
-0.402032	42.974632	687
-0.414112	42.977589	629
-0.416455	42.978416	579
-0.419317	42.978271	534
-0.426075	42.982342	519
-0.426375	42.987778	528
-0.422297	42.992661	506
-0.420367	42.997494	492